TF	M1	M2	M3	M4	M5	M6	M7
AHR	0.00E+00	2.03E-02	0.00E+00	6.18E-01	0.00E+00	3.44E-01	9.60E-03
ALX1	0.00E+00	0.00E+00	9.92E-01	0.00E+00	0.00E+00	0.00E+00	0.00E+00
ALX3	5.54E-17	6.85E-01	0.00E+00	0.00E+00	0.00E+00	3.10E-01	0.00E+00
AR	6.79E-32	5.36E-02	7.16E-01	1.64E-01	0.00E+00	6.06E-02	0.00E+00
ARID5A	0.00E+00	2.30E-32	0.00E+00	9.58E-01	0.00E+00	0.00E+00	1.47E-07
ARID5B	0.00E+00	0.00E+00	0.00E+00	0.00E+00	0.00E+00	0.00E+00	0.00E+00
ARNT	0.00E+00	3.06E-02	0.00E+00	4.97E-01	1.28E-01	3.33E-01	7.09E-03
ARNT2	1.55E-31	3.23E-02	1.85E-01	0.00E+00	0.00E+00	4.59E-01	3.20E-01
ARNTL	0.00E+00	0.00E+00	4.85E-02	7.45E-01	0.00E+00	0.00E+00	1.96E-01
ARNTL2	0.00E+00	0.00E+00	1.59E-01	3.24E-01	0.00E+00	0.00E+00	5.12E-01
ASCL1	0.00E+00	0.00E+00	0.00E+00	9.81E-01	0.00E+00	0.00E+00	1.02E-02
ATF1	2.53E-19	3.62E-02	1.57E-01	1.78E-01	0.00E+00	2.98E-01	3.28E-01
ATF2	4.90E-01	0.00E+00	0.00E+00	2.80E-01	2.14E-01	0.00E+00	1.07E-02
ATF3	3.47E-01	0.00E+00	2.13E-02	3.15E-01	2.72E-01	0.00E+00	4.18E-02
ATF4	4.77E-01	8.72E-02	1.84E-02	1.00E-01	1.76E-01	9.96E-02	3.72E-02
ATF5	5.34E-01	0.00E+00	0.00E+00	2.72E-01	1.84E-01	0.00E+00	5.03E-03
ATF6	3.84E-01	2.74E-01	0.00E+00	1.10E-01	6.73E-02	1.52E-01	1.48E-03
ATF6B	4.63E-01	1.03E-01	0.00E+00	2.69E-01	8.81E-02	5.63E-02	3.93E-03
BACH1	4.08E-01	4.14E-01	1.27E-02	8.85E-02	2.50E-02	4.71E-02	0.00E+00
BACH2	4.57E-01	1.74E-01	3.28E-01	3.04E-81	3.20E-02	0.00E+00	0.00E+00
BARX1	6.56E-01	9.97E-73	0.00E+00	0.00E+00	3.38E-01	0.00E+00	0.00E+00
BATF	0.00E+00	0.00E+00	0.00E+00	9.73E-01	0.00E+00	0.00E+00	0.00E+00
BATF3	1.28E-02	8.67E-01	0.00E+00	0.00E+00	0.00E+00	1.12E-01	0.00E+00
BBX	4.19E-01	1.82E-88	1.34E-01	1.74E-01	1.27E-01	0.00E+00	1.32E-01
BCL6	2.66E-01	2.40E-01	0.00E+00	9.06E-02	1.98E-01	2.01E-01	6.18E-12
BCL6B	0.00E+00	0.00E+00	3.11E-01	0.00E+00	0.00E+00	0.00E+00	6.84E-01
BDP1	0.00E+00	0.00E+00	2.83E-01	2.01E-01	0.00E+00	6.14E-04	5.13E-01
BHLHE22	0.00E+00	3.13E-58	0.00E+00	9.90E-01	0.00E+00	0.00E+00	0.00E+00
BHLHE40	0.00E+00	0.00E+00	0.00E+00	5.00E-01	4.86E-01	2.99E-13	1.02E-02
BHLHE41	4.73E-24	2.86E-21	2.59E-02	0.00E+00	0.00E+00	9.02E-01	6.49E-02
CDC5L	0.00E+00	0.00E+00	3.33E-01	0.00E+00	0.00E+00	0.00E+00	6.43E-01
CEBPB	3.17E-01	2.84E-01	0.00E+00	0.00E+00	2.26E-01	1.71E-01	0.00E+00
CEBPD	2.19E-01	4.28E-01	0.00E+00	0.00E+00	1.50E-01	2.00E-01	0.00E+00
CEBPG	7.11E-01	3.41E-69	0.00E+00	7.74E-02	2.05E-01	0.00E+00	1.14E-04
CLOCK	8.16E-02	3.69E-08	1.32E-01	0.00E+00	3.22E-01	8.92E-02	3.71E-01
CREB1	8.07E-02	0.00E+00	1.69E-01	2.63E-01	1.29E-01	0.00E+00	3.56E-01
CREB3	4.73E-01	3.10E-01	1.08E-02	0.00E+00	6.04E-02	9.78E-02	4.10E-02
CREB3L1	1.50E-01	2.40E-12	0.00E+00	0.00E+00	0.00E+00	8.38E-01	5.48E-39
CREB3L2	9.15E-02	1.56E-12	1.13E-01	0.00E+00	0.00E+00	4.56E-01	3.33E-01
CREB3L4	6.17E-01	0.00E+00	6.38E-02	0.00E+00	8.50E-02	0.00E+00	2.28E-01
CREB5	0.00E+00	0.00E+00	0.00E+00	9.51E-01	0.00E+00	0.00E+00	2.94E-02
CREM	3.15E-01	0.00E+00	0.00E+00	9.76E-02	4.31E-01	1.48E-01	2.47E-03
CTCF	3.34E-01	0.00E+00	4.53E-02	0.00E+00	3.13E-01	1.63E-01	1.41E-01
CTCFL	8.59E-01	0.00E+00	0.00E+00	0.00E+00	1.30E-01	0.00E+00	6.80E-04
CUX1	3.69E-01	2.53E-02	1.92E-01	0.00E+00	1.93E-01	0.00E+00	2.15E-01
CUX2	0.00E+00	0.00E+00	4.53E-01	0.00E+00	0.00E+00	0.00E+00	5.31E-01
DBP	0.00E+00	3.67E-01	9.63E-79	4.01E-01	0.00E+00	2.28E-01	0.00E+00
DDIT3	7.45E-01	1.07E-01	0.00E+00	0.00E+00	1.40E-01	0.00E+00	2.36E-04
DLX1	5.76E-01	1.99E-64	0.00E+00	0.00E+00	4.19E-01	0.00E+00	0.00E+00
DLX4	3.73E-01	4.64E-71	3.32E-01	0.00E+00	2.92E-01	0.00E+00	0.00E+00
DMBX1	4.96E-01	4.04E-59	0.00E+00	0.00E+00	4.99E-01	0.00E+00	0.00E+00
E2F1	0.00E+00	0.00E+00	3.93E-01	0.00E+00	1.12E-70	0.00E+00	6.03E-01
E2F2	2.81E-01	0.00E+00	0.00E+00	1.39E-220	7.13E-01	1.75E-68	7.61E-10
E2F3	0.00E+00	0.00E+00	1.69E-01	1.81E-01	3.83E-01	8.20E-27	2.64E-01
E2F4	0.00E+00	0.00E+00	1.19E-01	3.97E-01	0.00E+00	2.01E-01	2.78E-01
E2F5	0.00E+00	0.00E+00	0.00E+00	0.00E+00	9.89E-01	1.16E-62	1.04E-05
E2F6	7.90E-02	0.00E+00	0.00E+00	0.00E+00	5.04E-01	4.11E-01	1.18E-19
E2F7	0.00E+00	0.00E+00	2.83E-01	3.13E-02	0.00E+00	0.00E+00	6.80E-01
E2F8	4.25E-01	0.00E+00	6.85E-02	0.00E+00	2.73E-01	0.00E+00	2.20E-01
E4F1	9.01E-02	0.00E+00	8.75E-02	3.58E-01	0.00E+00	6.64E-02	3.90E-01
EBF1	1.94E-162	0.00E+00	0.00E+00	9.53E-01	0.00E+00	3.08E-02	9.18E-03
EGR1	1.43E-01	1.31E-02	0.00E+00	0.00E+00	3.65E-01	4.75E-01	2.12E-32
EGR2	0.00E+00	0.00E+00	0.00E+00	9.83E-01	0.00E+00	0.00E+00	9.19E-03
ELF1	8.27E-03	7.16E-02	1.97E-01	0.00E+00	2.80E-04	7.17E-01	0.00E+00
ELF2	0.00E+00	0.00E+00	1.60E-01	1.53E-01	4.35E-01	8.86E-31	2.49E-01
ELF3	0.00E+00	5.58E-42	1.31E-120	5.12E-01	4.83E-01	0.00E+00	0.00E+00
ELF4	0.00E+00	2.09E-02	3.11E-160	3.97E-01	3.71E-01	2.05E-01	3.54E-03
ELK1	0.00E+00	0.00E+00	2.58E-01	1.05E-246	3.39E-01	2.26E-50	4.00E-01
ELK3	7.40E-49	8.71E-02	2.82E-01	0.00E+00	2.11E-70	2.74E-01	3.54E-01
ELK4	0.00E+00	1.84E-02	2.39E-02	4.35E-01	4.24E-01	5.42E-02	4.05E-02
EMX1	0.00E+00	9.86E-48	2.29E-01	7.60E-01	0.00E+00	0.00E+00	0.00E+00
EMX2	0.00E+00	8.08E-01	0.00E+00	0.00E+00	0.00E+00	1.87E-01	7.95E-62
EOMES	0.00E+00	0.00E+00	9.93E-01	0.00E+00	0.00E+00	0.00E+00	0.00E+00
EPAS1	0.00E+00	1.40E-03	0.00E+00	0.00E+00	4.06E-01	5.86E-01	1.77E-26
ESRRA	0.00E+00	1.90E-02	3.28E-01	6.98E-281	2.80E-02	1.06E-01	5.14E-01
ESRRB	0.00E+00	0.00E+00	2.82E-187	5.02E-01	4.89E-01	4.98E-19	5.13E-03
ESRRG	0.00E+00	0.00E+00	3.39E-01	5.89E-257	2.02E-01	6.39E-43	4.55E-01
ETS1	0.00E+00	1.12E-01	2.04E-01	3.41E-01	3.97E-16	3.40E-01	0.00E+00
ETS2	9.12E-02	8.92E-02	3.28E-01	1.97E-214	2.34E-01	2.54E-01	0.00E+00
ETV1	0.00E+00	0.00E+00	7.21E-01	2.82E-177	2.74E-01	3.15E-17	0.00E+00
ETV3	2.85E-01	0.00E+00	2.09E-154	9.18E-217	7.08E-01	8.88E-71	6.93E-11
ETV4	8.68E-02	0.00E+00	3.34E-01	1.07E-247	1.86E-01	1.19E-43	3.90E-01
ETV5	0.00E+00	5.21E-02	2.33E-01	3.31E-02	2.07E-01	1.65E-01	3.07E-01
ETV6	1.24E-02	4.22E-02	7.68E-02	4.91E-01	3.74E-02	2.21E-01	1.15E-01
EWSR1	0.00E+00	0.00E+00	8.53E-01	0.00E+00	1.59E-03	1.35E-03	0.00E+00
FEV	4.20E-01	0.00E+00	0.00E+00	8.51E-201	5.75E-01	3.25E-70	0.00E+00
FLI1	0.00E+00	0.00E+00	0.00E+00	9.93E-01	0.00E+00	0.00E+00	0.00E+00
FOS	2.42E-02	8.64E-01	0.00E+00	0.00E+00	0.00E+00	1.02E-01	0.00E+00
FOSB	2.73E-02	8.84E-01	0.00E+00	0.00E+00	0.00E+00	7.83E-02	0.00E+00
FOSL1	5.98E-01	3.25E-01	0.00E+00	0.00E+00	3.09E-02	4.15E-02	6.59E-04
FOSL2	1.69E-02	8.28E-01	0.00E+00	0.00E+00	0.00E+00	1.47E-01	0.00E+00
FOXA2	5.54E-01	3.20E-64	0.00E+00	0.00E+00	4.42E-01	0.00E+00	0.00E+00
FOXA3	0.00E+00	0.00E+00	9.93E-01	0.00E+00	0.00E+00	0.00E+00	0.00E+00
FOXC1	0.00E+00	5.71E-01	5.59E-91	0.00E+00	0.00E+00	4.25E-01	0.00E+00
FOXC2	0.00E+00	3.39E-01	3.92E-01	0.00E+00	0.00E+00	2.66E-01	0.00E+00
FOXD1	2.17E-01	3.13E-01	0.00E+00	0.00E+00	2.47E-01	2.20E-01	0.00E+00
FOXD3	0.00E+00	0.00E+00	9.93E-01	0.00E+00	0.00E+00	0.00E+00	0.00E+00
FOXF2	8.29E-13	8.52E-01	0.00E+00	0.00E+00	0.00E+00	1.37E-01	1.00E-47
FOXG1	4.73E-01	1.15E-53	0.00E+00	0.00E+00	5.22E-01	0.00E+00	0.00E+00
FOXH1	0.00E+00	0.00E+00	5.04E-01	0.00E+00	0.00E+00	0.00E+00	4.80E-01
FOXJ1	0.00E+00	0.00E+00	9.80E-01	0.00E+00	0.00E+00	0.00E+00	0.00E+00
FOXJ2	0.00E+00	2.74E-01	9.95E-114	0.00E+00	4.65E-01	2.57E-01	0.00E+00
FOXJ3	2.34E-01	1.61E-56	1.40E-01	3.29E-01	2.93E-01	0.00E+00	0.00E+00
FOXK1	3.65E-01	5.13E-01	0.00E+00	0.00E+00	1.18E-01	0.00E+00	8.14E-05
FOXK2	4.68E-01	1.87E-77	3.69E-01	0.00E+00	1.59E-01	0.00E+00	0.00E+00
FOXL1	4.74E-19	5.85E-01	0.00E+00	0.00E+00	0.00E+00	4.11E-01	0.00E+00
FOXL2	8.48E-01	0.00E+00	0.00E+00	0.00E+00	1.48E-01	0.00E+00	0.00E+00
FOXM1	0.00E+00	0.00E+00	9.93E-01	0.00E+00	0.00E+00	0.00E+00	0.00E+00
FOXO1	1.01E-134	1.47E-02	9.51E-01	0.00E+00	0.00E+00	2.74E-02	0.00E+00
FOXO3	0.00E+00	1.92E-01	2.74E-01	0.00E+00	2.87E-01	2.44E-01	0.00E+00
FOXO4	0.00E+00	0.00E+00	4.25E-01	0.00E+00	0.00E+00	0.00E+00	5.69E-01
FOXP1	5.66E-02	5.87E-01	1.53E-01	0.00E+00	1.79E-02	1.37E-01	4.42E-02
FOXP2	6.70E-01	3.86E-68	9.32E-02	0.00E+00	2.31E-01	0.00E+00	0.00E+00
GABPA	0.00E+00	0.00E+00	2.61E-01	3.78E-01	3.58E-01	5.63E-17	0.00E+00
GATA1	9.24E-01	0.00E+00	0.00E+00	0.00E+00	6.78E-02	0.00E+00	0.00E+00
GATA2	5.68E-01	1.39E-01	0.00E+00	0.00E+00	2.14E-01	7.65E-02	0.00E+00
GATA3	0.00E+00	0.00E+00	0.00E+00	9.88E-01	0.00E+00	0.00E+00	0.00E+00
GFI1	0.00E+00	1.99E-45	0.00E+00	9.89E-01	0.00E+00	0.00E+00	0.00E+00
GFI1B	5.27E-01	2.14E-63	0.00E+00	0.00E+00	4.67E-01	0.00E+00	0.00E+00
GLI1	0.00E+00	0.00E+00	1.17E-01	0.00E+00	0.00E+00	0.00E+00	8.72E-01
GLI2	0.00E+00	0.00E+00	1.05E-01	0.00E+00	0.00E+00	0.00E+00	8.84E-01
GLI3	0.00E+00	0.00E+00	1.28E-01	0.00E+00	0.00E+00	0.00E+00	8.61E-01
GMEB1	3.06E-90	0.00E+00	2.07E-01	0.00E+00	0.00E+00	8.12E-02	7.02E-01
GMEB2	6.05E-02	0.00E+00	1.86E-01	1.32E-01	2.04E-01	4.08E-02	3.74E-01
GRHL1	6.22E-01	0.00E+00	0.00E+00	0.00E+00	3.67E-01	0.00E+00	4.04E-05
GRHL2	0.00E+00	0.00E+00	4.21E-01	0.00E+00	0.00E+00	0.00E+00	5.62E-01
HBP1	2.14E-28	4.18E-01	0.00E+00	3.82E-01	0.00E+00	1.83E-01	2.42E-03
HDX	7.67E-21	7.53E-01	0.00E+00	0.00E+00	0.00E+00	2.33E-01	3.42E-61
HES1	0.00E+00	0.00E+00	0.00E+00	0.00E+00	9.53E-01	3.87E-02	1.76E-07
HESX1	0.00E+00	0.00E+00	9.89E-01	0.00E+00	0.00E+00	0.00E+00	0.00E+00
HEY1	0.00E+00	0.00E+00	0.00E+00	5.35E-01	4.51E-01	2.96E-13	9.85E-03
HEY2	0.00E+00	0.00E+00	3.32E-01	0.00E+00	0.00E+00	0.00E+00	6.64E-01
HIF1A	0.00E+00	0.00E+00	2.72E-02	4.23E-01	3.66E-01	9.77E-02	8.15E-02
HINFP	8.73E-02	0.00E+00	0.00E+00	2.78E-01	3.03E-01	3.21E-01	4.91E-03
HMBOX1	4.63E-01	2.01E-66	0.00E+00	2.67E-01	2.61E-01	0.00E+00	1.69E-03
HMX2	0.00E+00	0.00E+00	9.92E-01	0.00E+00	0.00E+00	0.00E+00	0.00E+00
HNF4G	0.00E+00	0.00E+00	3.35E-01	0.00E+00	0.00E+00	0.00E+00	6.58E-01
HOXA11	2.70E-21	9.00E-01	0.00E+00	9.34E-02	0.00E+00	0.00E+00	3.09E-04
HOXA13	1.79E-20	8.27E-01	0.00E+00	0.00E+00	0.00E+00	1.68E-01	3.77E-71
HOXA7	1.99E-20	5.45E-01	0.00E+00	0.00E+00	0.00E+00	4.50E-01	0.00E+00
HOXB2	2.98E-01	2.49E-56	0.00E+00	3.77E-01	3.22E-01	0.00E+00	0.00E+00
HOXB3	4.52E-01	8.20E-57	0.00E+00	0.00E+00	5.42E-01	0.00E+00	0.00E+00
HOXB7	4.59E-01	3.09E-57	0.00E+00	0.00E+00	5.36E-01	0.00E+00	0.00E+00
HOXC10	6.09E-14	9.94E-01	0.00E+00	0.00E+00	0.00E+00	0.00E+00	6.48E-04
HOXD10	2.95E-14	9.94E-01	0.00E+00	0.00E+00	0.00E+00	0.00E+00	5.68E-04
HOXD11	3.02E-16	9.94E-01	0.00E+00	0.00E+00	0.00E+00	0.00E+00	7.32E-04
HOXD9	2.96E-14	9.94E-01	0.00E+00	0.00E+00	0.00E+00	0.00E+00	5.93E-04
HSF1	0.00E+00	1.50E-51	0.00E+00	9.73E-01	0.00E+00	0.00E+00	7.99E-03
HSF2	0.00E+00	7.38E-50	0.00E+00	9.78E-01	0.00E+00	0.00E+00	7.10E-03
HSF4	0.00E+00	4.10E-53	0.00E+00	9.78E-01	0.00E+00	0.00E+00	7.83E-03
ID1	2.91E-02	2.05E-08	8.37E-02	0.00E+00	2.87E-01	4.43E-01	1.53E-01
ID2	0.00E+00	0.00E+00	0.00E+00	9.74E-01	0.00E+00	0.00E+00	1.73E-02
ID4	0.00E+00	0.00E+00	3.31E-01	0.00E+00	0.00E+00	0.00E+00	6.64E-01
IKZF1	2.29E-01	0.00E+00	0.00E+00	4.02E-01	3.62E-01	4.05E-19	3.91E-03
IKZF2	0.00E+00	2.30E-01	0.00E+00	5.56E-01	0.00E+00	2.08E-01	0.00E+00
IRF1	7.79E-02	1.75E-01	0.00E+00	4.55E-01	6.96E-02	2.18E-01	0.00E+00
IRF2	0.00E+00	5.17E-01	8.61E-02	1.75E-01	0.00E+00	1.58E-01	6.04E-02
IRF3	0.00E+00	1.93E-01	1.52E-01	4.76E-03	3.40E-02	4.19E-01	1.92E-01
IRF4	0.00E+00	0.00E+00	0.00E+00	9.80E-01	0.00E+00	0.00E+00	0.00E+00
IRF5	0.00E+00	0.00E+00	0.00E+00	9.77E-01	0.00E+00	0.00E+00	4.78E-03
IRF7	9.37E-32	5.28E-01	0.00E+00	2.80E-01	0.00E+00	1.79E-01	1.09E-14
IRF8	0.00E+00	0.00E+00	0.00E+00	9.82E-01	0.00E+00	0.00E+00	0.00E+00
IRX1	1.70E-28	8.52E-01	0.00E+00	0.00E+00	0.00E+00	1.39E-01	6.94E-53
IRX2	0.00E+00	0.00E+00	9.75E-01	0.00E+00	0.00E+00	0.00E+00	0.00E+00
IRX3	1.95E-30	8.52E-01	0.00E+00	0.00E+00	0.00E+00	1.39E-01	8.41E-53
IRX5	3.23E-31	8.51E-01	0.00E+00	0.00E+00	0.00E+00	1.40E-01	2.35E-52
ISL1	0.00E+00	0.00E+00	9.92E-01	0.00E+00	0.00E+00	0.00E+00	0.00E+00
ISL2	3.97E-01	2.15E-01	0.00E+00	0.00E+00	2.65E-01	1.19E-01	0.00E+00
JDP2	0.00E+00	0.00E+00	2.43E-01	3.50E-01	0.00E+00	0.00E+00	4.05E-01
JUN	5.26E-01	3.80E-01	0.00E+00	0.00E+00	4.93E-02	4.16E-02	4.11E-05
JUNB	4.92E-01	3.71E-01	0.00E+00	0.00E+00	6.92E-02	6.50E-02	1.79E-12
JUND	5.83E-01	2.71E-01	1.82E-02	0.00E+00	5.39E-02	5.12E-02	1.88E-02
KLF1	5.35E-01	0.00E+00	0.00E+00	0.00E+00	4.60E-01	1.67E-71	1.15E-13
KLF10	0.00E+00	0.00E+00	0.00E+00	6.36E-01	1.47E-01	1.95E-01	1.28E-02
KLF11	5.37E-02	0.00E+00	0.00E+00	0.00E+00	4.40E-01	5.01E-01	6.02E-24
KLF12	0.00E+00	2.81E-02	1.91E-01	3.20E-01	1.22E-26	1.74E-01	2.84E-01
KLF13	0.00E+00	4.87E-15	0.00E+00	4.52E-01	0.00E+00	5.38E-01	5.36E-03
KLF16	0.00E+00	0.00E+00	3.19E-01	0.00E+00	0.00E+00	0.00E+00	6.77E-01
KLF3	0.00E+00	2.89E-02	4.28E-165	3.74E-01	4.14E-01	1.76E-01	3.76E-03
KLF4	5.62E-21	1.54E-01	0.00E+00	0.00E+00	0.00E+00	8.40E-01	0.00E+00
KLF5	0.00E+00	1.09E-01	1.88E-01	0.00E+00	0.00E+00	6.99E-01	0.00E+00
KLF7	0.00E+00	1.11E-01	2.31E-01	0.00E+00	0.00E+00	6.53E-01	0.00E+00
KLF9	7.63E-28	1.48E-15	0.00E+00	0.00E+00	0.00E+00	9.92E-01	3.15E-83
LBX2	7.20E-01	2.08E-74	0.00E+00	0.00E+00	2.75E-01	0.00E+00	0.00E+00
LEF1	4.07E-01	3.60E-01	0.00E+00	0.00E+00	1.17E-01	1.13E-01	0.00E+00
LHX2	0.00E+00	3.54E-41	0.00E+00	9.85E-01	0.00E+00	0.00E+00	0.00E+00
LHX3	5.31E-01	1.51E-96	3.39E-01	0.00E+00	1.26E-01	0.00E+00	0.00E+00
LHX4	0.00E+00	0.00E+00	9.90E-01	0.00E+00	0.00E+00	0.00E+00	0.00E+00
LHX6	7.97E-01	3.60E-87	0.00E+00	0.00E+00	1.98E-01	0.00E+00	0.00E+00
LHX9	0.00E+00	8.01E-01	0.00E+00	0.00E+00	0.00E+00	1.94E-01	1.55E-62
LMO2	3.53E-01	0.00E+00	0.00E+00	0.00E+00	6.39E-01	8.11E-68	2.27E-11
LMX1A	0.00E+00	0.00E+00	9.90E-01	0.00E+00	0.00E+00	0.00E+00	0.00E+00
LYL1	5.27E-01	0.00E+00	0.00E+00	1.37E-01	3.31E-01	0.00E+00	3.19E-04
MAF	9.74E-05	1.87E-01	5.22E-01	0.00E+00	0.00E+00	2.87E-01	0.00E+00
MAFB	0.00E+00	0.00E+00	4.29E-01	0.00E+00	0.00E+00	3.74E-23	5.66E-01
MAFF	9.59E-10	3.97E-01	0.00E+00	3.52E-01	0.00E+00	2.48E-01	0.00E+00
MAFG	6.47E-01	9.01E-74	0.00E+00	0.00E+00	3.48E-01	0.00E+00	0.00E+00
MAFK	3.65E-170	1.81E-02	5.84E-01	3.93E-01	0.00E+00	0.00E+00	0.00E+00
MAX	0.00E+00	0.00E+00	0.00E+00	7.10E-01	2.63E-01	0.00E+00	1.89E-02
MEF2A	1.80E-26	5.97E-01	2.83E-02	2.02E-01	0.00E+00	1.38E-01	2.63E-02
MEF2C	5.99E-01	1.93E-49	0.00E+00	2.21E-01	1.69E-01	0.00E+00	7.28E-04
MEF2D	2.02E-25	6.33E-01	0.00E+00	2.11E-01	0.00E+00	1.47E-01	1.58E-08
MEIS1	1.58E-22	4.15E-01	1.51E-99	0.00E+00	0.00E+00	5.79E-01	0.00E+00
MEIS2	0.00E+00	2.49E-01	9.98E-113	0.00E+00	3.80E-01	3.67E-01	0.00E+00
MEIS3	0.00E+00	2.31E-01	4.14E-01	0.00E+00	0.00E+00	3.51E-01	0.00E+00
MEOX1	0.00E+00	3.45E-38	0.00E+00	9.85E-01	0.00E+00	0.00E+00	0.00E+00
MGA	0.00E+00	2.57E-46	2.51E-01	0.00E+00	4.66E-01	0.00E+00	2.78E-01
MITF	1.47E-01	8.47E-02	0.00E+00	0.00E+00	4.02E-01	3.62E-01	3.42E-20
MLX	1.03E-02	3.33E-02	1.94E-01	2.75E-02	2.99E-02	2.82E-01	4.20E-01
MLXIP	1.06E-01	4.01E-10	6.64E-02	0.00E+00	5.37E-01	6.93E-02	2.13E-01
MLXIPL	3.07E-01	0.00E+00	0.00E+00	0.00E+00	6.79E-01	0.00E+00	2.31E-03
MNT	0.00E+00	2.34E-12	7.60E-02	3.11E-01	0.00E+00	3.38E-01	2.70E-01
MNX1	8.04E-01	1.15E-88	0.00E+00	0.00E+00	1.90E-01	0.00E+00	0.00E+00
MSC	0.00E+00	8.55E-02	0.00E+00	5.19E-01	0.00E+00	3.86E-01	2.67E-03
MSX1	0.00E+00	4.38E-01	7.39E-106	0.00E+00	3.19E-01	2.40E-01	0.00E+00
MTF1	1.40E-01	3.68E-01	1.79E-02	5.05E-02	1.13E-01	2.79E-01	2.61E-02
MXD1	1.76E-01	0.00E+00	0.00E+00	2.85E-01	5.22E-01	0.00E+00	9.93E-03
MXD4	0.00E+00	1.50E-11	0.00E+00	4.46E-01	0.00E+00	5.00E-01	4.81E-02
MXI1	0.00E+00	0.00E+00	1.72E-01	0.00E+00	3.25E-01	0.00E+00	4.98E-01
MYB	4.57E-01	0.00E+00	0.00E+00	2.29E-02	5.15E-01	0.00E+00	3.87E-08
MYBL1	0.00E+00	3.34E-01	1.33E-104	0.00E+00	0.00E+00	6.60E-01	0.00E+00
MYBL2	0.00E+00	1.73E-63	2.87E-01	0.00E+00	3.25E-01	0.00E+00	3.85E-01
MYC	3.07E-01	0.00E+00	1.66E-02	3.69E-01	2.76E-01	0.00E+00	2.88E-02
MYCN	5.29E-12	7.50E-02	1.37E-01	0.00E+00	3.24E-82	1.59E-01	6.16E-01
MZF1	0.00E+00	0.00E+00	2.58E-153	8.08E-224	9.91E-01	4.39E-68	1.67E-06
NANOG	0.00E+00	0.00E+00	9.93E-01	0.00E+00	0.00E+00	0.00E+00	0.00E+00
NEUROG2	0.00E+00	3.89E-59	0.00E+00	9.90E-01	0.00E+00	0.00E+00	0.00E+00
NFAT5	0.00E+00	6.21E-01	0.00E+00	1.08E-01	0.00E+00	2.62E-01	2.88E-19
NFATC1	4.63E-01	1.17E-63	0.00E+00	2.99E-01	2.31E-01	0.00E+00	1.53E-03
NFATC2	0.00E+00	7.09E-01	0.00E+00	0.00E+00	0.00E+00	2.84E-01	3.08E-69
NFATC3	0.00E+00	0.00E+00	0.00E+00	0.00E+00	0.00E+00	0.00E+00	0.00E+00
NFATC4	0.00E+00	6.98E-01	0.00E+00	0.00E+00	0.00E+00	2.95E-01	1.89E-73
NFE2	8.63E-01	0.00E+00	0.00E+00	0.00E+00	1.31E-01	0.00E+00	0.00E+00
NFE2L1	2.19E-01	9.21E-02	1.13E-101	2.89E-01	3.95E-01	0.00E+00	0.00E+00
NFE2L2	2.88E-01	1.01E-01	0.00E+00	0.00E+00	3.02E-01	3.05E-01	0.00E+00
NFE2L3	0.00E+00	0.00E+00	0.00E+00	0.00E+00	0.00E+00	0.00E+00	0.00E+00
NFIA	0.00E+00	0.00E+00	8.48E-153	9.94E-225	9.91E-01	1.18E-69	1.90E-11
NFIB	0.00E+00	6.81E-91	2.57E-01	2.81E-01	6.78E-02	5.88E-04	3.91E-01
NFIC	0.00E+00	2.53E-01	1.30E-01	3.99E-02	0.00E+00	5.72E-01	0.00E+00
NFIL3	3.79E-01	5.05E-01	0.00E+00	0.00E+00	1.12E-01	0.00E+00	1.79E-04
NFIX	0.00E+00	1.92E-01	9.58E-94	3.54E-01	0.00E+00	4.51E-01	0.00E+00
NFKB1	4.02E-02	4.54E-02	0.00E+00	6.34E-01	0.00E+00	2.64E-01	6.29E-03
NFKB2	0.00E+00	0.00E+00	8.35E-02	5.99E-01	0.00E+00	2.43E-03	2.98E-01
NFYA	0.00E+00	9.73E-02	5.29E-02	1.67E-01	1.82E-01	4.02E-01	9.34E-02
NFYB	0.00E+00	4.80E-02	2.35E-01	1.53E-01	0.00E+00	1.84E-01	3.75E-01
NPAS2	1.17E-11	4.75E-07	0.00E+00	0.00E+00	0.00E+00	9.88E-01	4.99E-67
NR1D1	0.00E+00	2.04E-01	0.00E+00	9.58E-243	0.00E+00	7.86E-01	4.00E-80
NR1H2	0.00E+00	3.20E-41	8.48E-198	4.96E-01	4.91E-01	8.87E-15	6.56E-03
NR1H3	2.81E-02	1.32E-01	2.07E-01	6.79E-259	6.52E-02	2.63E-01	3.01E-01
NR2C2	0.00E+00	0.00E+00	2.23E-01	1.14E-242	4.29E-01	7.52E-54	3.45E-01
NR2F1	0.00E+00	1.57E-01	0.00E+00	0.00E+00	0.00E+00	8.36E-01	0.00E+00
NR2F2	0.00E+00	9.03E-02	1.83E-127	2.33E-02	3.99E-01	4.84E-01	5.41E-21
NR2F6	0.00E+00	0.00E+00	2.63E-01	5.61E-249	3.25E-01	2.74E-49	4.10E-01
NR3C1	4.22E-18	1.30E-01	0.00E+00	6.86E-01	0.00E+00	1.78E-01	0.00E+00
NR3C2	0.00E+00	0.00E+00	9.93E-01	1.06E-169	0.00E+00	0.00E+00	0.00E+00
NR4A1	0.00E+00	5.51E-58	0.00E+00	9.49E-01	0.00E+00	1.74E-05	1.87E-02
NR4A2	0.00E+00	9.62E-79	1.43E-01	5.55E-01	0.00E+00	6.25E-08	2.91E-01
NR5A2	0.00E+00	0.00E+00	4.19E-01	0.00E+00	0.00E+00	0.00E+00	5.76E-01
NR6A1	0.00E+00	3.16E-93	0.00E+00	0.00E+00	7.04E-01	0.00E+00	4.50E-04
NRF1	0.00E+00	0.00E+00	0.00E+00	1.63E-01	3.96E-01	4.37E-01	1.10E-03
NRL	2.80E-01	1.80E-01	0.00E+00	0.00E+00	2.52E-01	2.86E-01	0.00E+00
ONECUT2	6.20E-01	8.54E-106	8.93E-02	0.00E+00	1.77E-01	0.00E+00	1.05E-01
OSR2	0.00E+00	0.00E+00	0.00E+00	0.00E+00	0.00E+00	0.00E+00	0.00E+00
OTX2	0.00E+00	0.00E+00	9.93E-01	0.00E+00	0.00E+00	0.00E+00	0.00E+00
PATZ1	0.00E+00	0.00E+00	2.96E-01	4.44E-299	5.55E-02	3.20E-33	6.44E-01
PAX3	4.58E-21	7.81E-01	4.58E-02	0.00E+00	0.00E+00	1.52E-01	1.59E-02
PAX5	0.00E+00	0.00E+00	0.00E+00	9.86E-01	0.00E+00	0.00E+00	0.00E+00
PAX6	7.86E-01	3.98E-107	0.00E+00	0.00E+00	2.01E-01	0.00E+00	2.49E-04
PAX8	7.15E-32	5.70E-02	0.00E+00	4.65E-01	0.00E+00	4.75E-01	3.13E-05
PBX1	0.00E+00	1.35E-01	2.78E-01	0.00E+00	0.00E+00	2.54E-01	3.29E-01
PBX2	0.00E+00	0.00E+00	4.10E-01	0.00E+00	0.00E+00	1.90E-22	5.85E-01
PBX3	0.00E+00	1.35E-01	1.53E-01	2.64E-01	0.00E+00	2.57E-01	1.88E-01
PITX1	0.00E+00	5.18E-01	0.00E+00	0.00E+00	1.05E-01	3.72E-01	0.00E+00
PITX2	0.00E+00	5.67E-01	0.00E+00	0.00E+00	0.00E+00	4.28E-01	0.00E+00
PKNOX1	0.00E+00	8.20E-02	2.79E-01	0.00E+00	1.94E-01	1.25E-01	3.17E-01
PLAGL1	3.84E-32	0.00E+00	0.00E+00	4.07E-01	0.00E+00	5.79E-01	4.46E-03
POU2F1	1.94E-01	1.86E-62	9.03E-02	0.00E+00	4.37E-01	0.00E+00	2.73E-01
POU2F2	0.00E+00	0.00E+00	0.00E+00	9.93E-01	0.00E+00	0.00E+00	0.00E+00
POU2F3	0.00E+00	0.00E+00	0.00E+00	9.92E-01	0.00E+00	0.00E+00	0.00E+00
POU3F1	0.00E+00	0.00E+00	0.00E+00	9.93E-01	0.00E+00	0.00E+00	0.00E+00
POU3F4	0.00E+00	0.00E+00	9.91E-01	0.00E+00	2.01E-03	0.00E+00	0.00E+00
POU4F1	0.00E+00	0.00E+00	0.00E+00	0.00E+00	0.00E+00	0.00E+00	0.00E+00
POU5F1	0.00E+00	0.00E+00	5.29E-01	0.00E+00	0.00E+00	0.00E+00	4.41E-01
POU6F1	4.86E-01	3.79E-01	0.00E+00	0.00E+00	1.31E-01	0.00E+00	1.80E-05
POU6F2	7.97E-01	2.66E-109	8.57E-02	0.00E+00	1.10E-01	0.00E+00	0.00E+00
PPARA	0.00E+00	0.00E+00	8.36E-02	7.32E-01	0.00E+00	4.93E-03	1.70E-01
PPARD	0.00E+00	7.34E-02	0.00E+00	5.47E-01	0.00E+00	3.67E-01	5.91E-03
PPARG	0.00E+00	1.10E-01	0.00E+00	4.13E-01	0.00E+00	4.69E-01	2.94E-03
PRDM1	8.91E-01	0.00E+00	0.00E+00	0.00E+00	1.03E-01	0.00E+00	0.00E+00
PRDM14	0.00E+00	0.00E+00	2.83E-01	0.00E+00	0.00E+00	0.00E+00	7.00E-01
PRRX1	2.47E-23	4.83E-01	0.00E+00	2.95E-01	0.00E+00	2.18E-01	0.00E+00
PRRX2	5.83E-22	5.12E-01	0.00E+00	2.15E-01	0.00E+00	2.70E-01	0.00E+00
RARA	0.00E+00	3.46E-02	2.72E-01	0.00E+00	0.00E+00	1.47E-01	5.42E-01
RARB	0.00E+00	2.13E-01	5.49E-108	6.69E-247	0.00E+00	7.79E-01	0.00E+00
RARG	0.00E+00	4.19E-02	2.39E-01	1.67E-01	0.00E+00	1.78E-01	3.72E-01
REL	1.81E-01	0.00E+00	2.20E-01	0.00E+00	2.37E-01	0.00E+00	3.56E-01
RELA	1.75E-01	4.79E-02	0.00E+00	3.59E-01	2.47E-01	1.62E-01	3.69E-03
REST	0.00E+00	1.36E-02	2.53E-01	2.68E-01	0.00E+00	9.77E-02	3.65E-01
RFX1	2.31E-01	0.00E+00	1.79E-01	0.00E+00	2.31E-01	0.00E+00	3.55E-01
RFX2	1.81E-01	1.62E-01	0.00E+00	0.00E+00	1.75E-01	4.72E-01	2.29E-30
RFX3	3.86E-02	1.64E-02	7.58E-02	5.85E-01	3.51E-02	5.41E-02	1.84E-01
RFX4	0.00E+00	0.00E+00	3.44E-01	0.00E+00	0.00E+00	0.00E+00	6.47E-01
RFX5	0.00E+00	1.81E-80	2.32E-01	4.79E-01	8.33E-17	0.00E+00	2.84E-01
RFX7	1.26E-01	2.71E-02	2.60E-01	0.00E+00	2.71E-01	4.11E-02	2.73E-01
RORA	0.00E+00	8.18E-02	1.04E-01	3.05E-01	0.00E+00	3.45E-01	1.60E-01
RREB1	2.08E-01	0.00E+00	6.82E-02	2.13E-01	1.80E-01	1.15E-01	2.05E-01
RUNX1	2.85E-01	2.02E-01	0.00E+00	0.00E+00	2.55E-01	2.55E-01	0.00E+00
RUNX2	2.65E-01	2.03E-01	0.00E+00	0.00E+00	2.71E-01	2.59E-01	2.57E-33
RUNX3	0.00E+00	0.00E+00	0.00E+00	9.88E-01	0.00E+00	0.00E+00	0.00E+00
RXRA	3.75E-02	3.85E-01	0.00E+00	0.00E+00	2.45E-02	5.48E-01	0.00E+00
RXRB	5.84E-02	1.98E-01	0.00E+00	3.56E-01	7.21E-02	3.13E-01	0.00E+00
SHOX2	7.87E-02	6.01E-01	0.00E+00	0.00E+00	6.29E-02	2.52E-01	0.00E+00
SIX1	2.30E-25	5.57E-01	0.00E+00	0.00E+00	0.00E+00	4.33E-01	1.18E-85
SIX2	3.13E-28	5.46E-01	0.00E+00	0.00E+00	0.00E+00	4.44E-01	4.44E-84
SIX3	0.00E+00	0.00E+00	4.81E-01	0.00E+00	0.00E+00	0.00E+00	5.08E-01
SIX4	6.93E-28	5.47E-01	0.00E+00	0.00E+00	0.00E+00	4.43E-01	2.04E-84
SMAD2	0.00E+00	6.09E-02	2.19E-01	1.01E-01	7.95E-02	2.15E-01	3.22E-01
SMAD3	0.00E+00	7.82E-02	5.88E-147	4.11E-01	1.58E-01	3.47E-01	2.53E-03
SMAD4	0.00E+00	1.11E-01	0.00E+00	2.69E-01	2.30E-01	3.85E-01	1.19E-03
SNAI2	0.00E+00	0.00E+00	0.00E+00	0.00E+00	0.00E+00	0.00E+00	0.00E+00
SOX11	0.00E+00	0.00E+00	9.91E-01	0.00E+00	0.00E+00	0.00E+00	0.00E+00
SOX12	5.98E-02	1.51E-01	5.75E-01	0.00E+00	9.13E-02	1.20E-01	0.00E+00
SOX13	9.30E-132	4.16E-02	9.52E-01	0.00E+00	0.00E+00	0.00E+00	0.00E+00
SOX18	0.00E+00	4.41E-42	0.00E+00	9.91E-01	0.00E+00	0.00E+00	0.00E+00
SOX21	0.00E+00	0.00E+00	9.92E-01	0.00E+00	0.00E+00	0.00E+00	0.00E+00
SOX3	0.00E+00	5.72E-01	1.27E-01	0.00E+00	0.00E+00	2.95E-01	0.00E+00
SOX4	0.00E+00	0.00E+00	9.93E-01	0.00E+00	0.00E+00	0.00E+00	0.00E+00
SOX5	2.87E-01	3.04E-49	5.33E-02	3.57E-01	2.99E-01	0.00E+00	0.00E+00
SOX6	5.40E-01	7.80E-59	0.00E+00	0.00E+00	4.55E-01	0.00E+00	0.00E+00
SOX8	0.00E+00	0.00E+00	9.92E-01	0.00E+00	0.00E+00	0.00E+00	0.00E+00
SOX9	0.00E+00	8.59E-41	0.00E+00	9.91E-01	0.00E+00	0.00E+00	0.00E+00
SP1	1.16E-01	1.87E-02	2.20E-02	1.55E-01	3.85E-01	2.60E-01	4.06E-02
SP2	1.68E-01	0.00E+00	1.41E-01	1.79E-234	4.64E-01	1.81E-58	2.23E-01
SP3	0.00E+00	0.00E+00	2.03E-01	9.05E-02	3.42E-01	5.13E-02	3.10E-01
SP4	9.56E-02	0.00E+00	1.84E-01	2.12E-01	2.24E-01	1.59E-20	2.83E-01
SPI1	5.31E-01	0.00E+00	0.00E+00	0.00E+00	4.64E-01	1.31E-72	0.00E+00
SPIB	0.00E+00	0.00E+00	0.00E+00	9.89E-01	0.00E+00	0.00E+00	0.00E+00
SREBF1	1.61E-01	0.00E+00	9.39E-02	1.36E-01	2.90E-01	0.00E+00	3.12E-01
SREBF2	1.87E-01	0.00E+00	5.09E-02	2.32E-01	3.38E-01	0.00E+00	1.85E-01
SRF	0.00E+00	0.00E+00	2.27E-01	3.64E-257	2.33E-01	7.47E-02	4.62E-01
STAT1	5.08E-26	4.19E-01	0.00E+00	3.32E-01	0.00E+00	2.44E-01	6.86E-18
STAT2	1.17E-01	5.69E-01	0.00E+00	6.85E-02	3.95E-02	1.93E-01	1.87E-22
STAT3	0.00E+00	1.66E-01	0.00E+00	5.35E-01	1.51E-01	1.36E-01	2.68E-03
STAT4	0.00E+00	3.68E-01	0.00E+00	3.31E-01	0.00E+00	2.95E-01	2.09E-04
STAT5A	5.54E-01	9.72E-60	0.00E+00	2.41E-01	1.96E-01	0.00E+00	3.97E-04
STAT5B	7.03E-01	3.58E-84	0.00E+00	3.77E-02	2.49E-01	0.00E+00	6.48E-05
STAT6	8.77E-26	6.99E-01	0.00E+00	0.00E+00	0.00E+00	2.89E-01	2.28E-65
TAL1	7.49E-01	0.00E+00	0.00E+00	0.00E+00	2.45E-01	0.00E+00	0.00E+00
TBP	2.44E-01	7.48E-02	0.00E+00	0.00E+00	4.36E-01	2.41E-01	1.97E-22
TBX1	3.44E-01	1.34E-51	0.00E+00	0.00E+00	6.50E-01	0.00E+00	0.00E+00
TBX15	0.00E+00	3.98E-01	9.55E-102	0.00E+00	0.00E+00	5.96E-01	0.00E+00
TBX18	0.00E+00	1.87E-01	6.85E-119	0.00E+00	5.49E-01	2.58E-01	0.00E+00
TBX19	0.00E+00	0.00E+00	0.00E+00	0.00E+00	0.00E+00	0.00E+00	0.00E+00
TBX2	0.00E+00	0.00E+00	0.00E+00	0.00E+00	0.00E+00	0.00E+00	0.00E+00
TBX3	0.00E+00	0.00E+00	0.00E+00	0.00E+00	0.00E+00	0.00E+00	0.00E+00
TBX5	0.00E+00	0.00E+00	0.00E+00	0.00E+00	0.00E+00	0.00E+00	0.00E+00
TCF12	3.95E-02	1.51E-01	3.73E-01	0.00E+00	1.03E-01	3.30E-01	0.00E+00
TCF21	0.00E+00	0.00E+00	4.07E-01	0.00E+00	0.00E+00	5.82E-28	5.87E-01
TCF3	2.10E-02	7.55E-02	2.94E-01	0.00E+00	6.61E-02	1.91E-01	3.50E-01
TCF4	3.14E-23	1.75E-01	4.35E-01	0.00E+00	0.00E+00	3.86E-01	0.00E+00
TCF7	0.00E+00	0.00E+00	2.68E-01	7.24E-01	0.00E+00	0.00E+00	0.00E+00
TCF7L1	0.00E+00	0.00E+00	9.87E-01	0.00E+00	0.00E+00	0.00E+00	0.00E+00
TCF7L2	1.62E-03	3.13E-01	6.78E-01	0.00E+00	0.00E+00	0.00E+00	0.00E+00
TCFL5	0.00E+00	0.00E+00	0.00E+00	0.00E+00	0.00E+00	0.00E+00	0.00E+00
TEAD1	4.68E-02	3.36E-01	8.36E-02	0.00E+00	8.04E-02	4.49E-01	0.00E+00
TEAD2	0.00E+00	1.56E-01	5.72E-01	0.00E+00	0.00E+00	2.68E-01	0.00E+00
TEAD3	1.52E-01	2.10E-01	8.74E-115	0.00E+00	3.23E-01	3.12E-01	0.00E+00
TEAD4	0.00E+00	0.00E+00	9.93E-01	0.00E+00	0.00E+00	0.00E+00	0.00E+00
TEF	1.88E-01	3.93E-01	1.21E-02	0.00E+00	1.69E-01	2.35E-01	0.00E+00
TFAP2A	3.97E-01	0.00E+00	0.00E+00	3.90E-207	2.44E-01	3.42E-01	1.18E-22
TFAP2C	1.91E-03	0.00E+00	0.00E+00	8.31E-01	0.00E+00	1.54E-01	0.00E+00
TFAP2E	1.14E-01	0.00E+00	0.00E+00	0.00E+00	4.33E-01	4.48E-01	3.59E-26
TFAP4	0.00E+00	1.22E-01	1.30E-01	0.00E+00	0.00E+00	5.38E-01	2.05E-01
TFCP2	0.00E+00	5.53E-02	2.38E-01	0.00E+00	0.00E+00	3.49E-01	3.55E-01
TFCP2L1	0.00E+00	0.00E+00	2.62E-01	0.00E+00	0.00E+00	0.00E+00	7.21E-01
TFE3	0.00E+00	3.22E-02	2.69E-01	0.00E+00	0.00E+00	1.53E-01	5.42E-01
TFEB	0.00E+00	1.09E-02	0.00E+00	8.94E-01	0.00E+00	7.04E-02	1.65E-02
TGIF1	0.00E+00	5.72E-25	3.16E-02	0.00E+00	9.18E-01	0.00E+00	4.02E-02
THAP1	0.00E+00	3.25E-02	8.36E-141	0.00E+00	7.51E-01	2.06E-01	1.56E-09
THRA	1.65E-42	5.93E-02	1.91E-01	0.00E+00	0.00E+00	3.00E-01	4.45E-01
THRB	2.47E-01	5.84E-02	0.00E+00	0.00E+00	3.10E-01	3.78E-01	1.31E-21
TOX	1.00E-45	2.03E-01	2.61E-01	0.00E+00	0.00E+00	1.23E-01	4.01E-01
TOX2	0.00E+00	1.54E-20	0.00E+00	9.59E-01	0.00E+00	0.00E+00	1.10E-04
TOX3	1.63E-44	2.08E-01	2.56E-01	0.00E+00	0.00E+00	1.26E-01	3.98E-01
TOX4	1.71E-23	3.65E-01	0.00E+00	3.99E-01	0.00E+00	2.18E-01	8.63E-09
TP53	0.00E+00	1.69E-42	2.05E-02	3.09E-01	6.22E-01	0.00E+00	4.12E-02
TP63	5.72E-01	0.00E+00	0.00E+00	0.00E+00	4.15E-01	0.00E+00	1.44E-09
TP73	0.00E+00	0.00E+00	0.00E+00	9.61E-01	0.00E+00	0.00E+00	6.31E-03
TRIM28	4.28E-01	0.00E+00	1.02E-01	2.23E-01	1.36E-01	0.00E+00	1.08E-01
TWIST1	2.41E-25	7.65E-01	0.00E+00	0.00E+00	0.00E+00	2.24E-01	3.69E-67
TWIST2	1.35E-21	7.66E-01	0.00E+00	0.00E+00	0.00E+00	2.21E-01	4.59E-65
USF1	0.00E+00	8.71E-02	0.00E+00	0.00E+00	4.75E-01	4.33E-01	6.74E-18
USF2	0.00E+00	2.27E-80	1.69E-01	2.51E-01	1.80E-01	0.00E+00	3.97E-01
VDR	0.00E+00	7.09E-02	0.00E+00	4.46E-01	0.00E+00	4.75E-01	3.89E-03
XBP1	4.30E-01	3.05E-01	6.96E-03	1.06E-01	0.00E+00	1.10E-01	3.55E-02
YY1	0.00E+00	1.07E-02	2.56E-01	3.25E-02	2.34E-01	5.99E-02	4.04E-01
ZBTB3	1.59E-01	0.00E+00	3.12E-01	0.00E+00	1.35E-01	0.00E+00	3.87E-01
ZBTB33	0.00E+00	0.00E+00	1.99E-01	1.61E-01	2.62E-01	1.68E-18	3.75E-01
ZBTB49	0.00E+00	0.00E+00	0.00E+00	0.00E+00	0.00E+00	0.00E+00	0.00E+00
ZBTB6	0.00E+00	0.00E+00	3.16E-01	0.00E+00	0.00E+00	0.00E+00	6.77E-01
ZBTB7A	0.00E+00	1.39E-05	0.00E+00	0.00E+00	0.00E+00	9.92E-01	7.85E-85
ZBTB7B	0.00E+00	0.00E+00	0.00E+00	0.00E+00	0.00E+00	0.00E+00	0.00E+00
ZBTB7C	0.00E+00	0.00E+00	1.67E-01	0.00E+00	0.00E+00	0.00E+00	8.18E-01
ZEB1	0.00E+00	1.70E-01	2.27E-94	4.02E-01	0.00E+00	4.24E-01	0.00E+00
ZFP42	0.00E+00	0.00E+00	3.74E-01	0.00E+00	4.16E-02	0.00E+00	5.80E-01
ZFX	4.15E-03	1.03E-08	0.00E+00	4.68E-01	0.00E+00	5.18E-01	5.15E-03
ZIC1	1.34E-01	4.26E-04	0.00E+00	0.00E+00	2.66E-01	5.94E-01	2.30E-42
ZIC2	0.00E+00	0.00E+00	1.65E-01	0.00E+00	1.60E-96	0.00E+00	8.25E-01
ZIC3	0.00E+00	0.00E+00	1.26E-01	0.00E+00	7.15E-100	0.00E+00	8.61E-01
ZNF281	4.96E-02	0.00E+00	1.53E-01	0.00E+00	1.63E-01	2.78E-01	3.51E-01
ZNF35	2.92E-31	8.30E-01	0.00E+00	0.00E+00	0.00E+00	1.61E-01	4.18E-51
ZNF354C	0.00E+00	1.95E-01	5.49E-109	0.00E+00	0.00E+00	7.96E-01	0.00E+00
ZNF415	1.76E-30	2.18E-06	0.00E+00	0.00E+00	0.00E+00	9.57E-01	3.07E-02
ZNF423	0.00E+00	0.00E+00	2.59E-01	0.00E+00	0.00E+00	0.00E+00	7.16E-01
ZNF691	5.72E-01	0.00E+00	0.00E+00	0.00E+00	4.15E-01	0.00E+00	2.88E-04
ZNF711	0.00E+00	0.00E+00	2.33E-01	3.19E-01	3.04E-02	6.35E-04	4.14E-01
ZNF740	0.00E+00	0.00E+00	0.00E+00	4.08E-01	4.16E-01	1.62E-01	8.78E-03
ZSCAN22	5.40E-01	8.88E-02	0.00E+00	0.00E+00	2.52E-01	1.06E-01	6.04E-11
